
t # 205
v 0 1
v 1 1
v 2 1
v 3 2
v 4 3
v 5 3
v 6 3
v 7 3
v 8 4
v 9 4
v 10 4
v 11 4
v 12 4
v 13 4
v 14 4
v 15 4
e 4 0 1
e 15 0 1
e 7 1 1
e 7 2 2
e 5 3 1
e 13 3 1
e 14 3 1
e 5 4 1
e 6 4 1
e 9 4 1
e 7 5 1
e 8 5 1
e 10 6 1
e 11 6 1
e 12 6 1
t # 204
v 0 1
v 1 1
v 2 1
v 3 2
v 4 2
v 5 2
v 6 2
v 7 3
v 8 3
v 9 3
v 10 3
v 11 4
v 12 4
v 13 4
v 14 4
v 15 4
v 16 4
e 8 0 2
e 9 1 2
e 10 2 2
e 7 3 1
e 9 3 1
e 12 3 1
e 7 4 1
e 10 4 1
e 13 4 1
e 8 5 1
e 9 5 1
e 14 5 1
e 10 6 1
e 15 6 1
e 16 6 1
e 8 7 1
e 11 7 1
t # 200
v 0 7
v 1 1
v 2 1
v 3 1
v 4 1
v 5 1
v 6 1
v 7 1
v 8 1
v 9 2
v 10 2
v 11 2
v 12 2
v 13 3
v 14 3
v 15 3
v 16 3
v 17 3
v 18 3
v 19 3
v 20 3
v 21 3
v 22 4
v 23 4
v 24 4
v 25 4
v 26 4
v 27 4
v 28 4
v 29 4
v 30 4
v 31 4
v 32 4
v 33 4
v 34 4
v 35 4
v 36 4
e 4 0 1
e 5 0 1
e 6 0 1
e 7 0 2
e 15 1 1
e 16 1 1
e 13 2 1
e 28 2 1
e 14 3 1
e 29 3 1
e 17 4 1
e 33 5 1
e 34 6 1
e 21 8 2
e 15 9 1
e 18 9 1
e 19 9 1
e 19 10 2
e 20 10 1
e 18 11 1
e 31 11 1
e 32 11 1
e 21 12 1
e 35 12 1
e 36 12 1
e 14 13 1
e 15 13 1
e 22 13 1
e 16 14 1
e 23 14 1
e 24 15 1
e 17 16 1
e 25 16 1
e 26 17 1
e 27 17 1
e 20 18 2
e 30 19 1
e 21 20 1
t # 196
v 0 1
v 1 1
v 2 1
v 3 1
v 4 3
v 5 3
v 6 3
v 7 3
v 8 3
v 9 3
v 10 4
v 11 4
v 12 4
v 13 4
v 14 4
v 15 4
v 16 4
v 17 4
e 8 0 1
e 9 1 1
e 8 2 2
e 9 3 2
e 5 4 1
e 6 4 1
e 10 4 1
e 11 4 1
e 7 5 1
e 12 5 1
e 13 5 1
e 8 6 1
e 14 6 1
e 15 6 1
e 9 7 1
e 16 7 1
e 17 7 1
t # 191
v 0 1
v 1 1
v 2 1
v 3 1
v 4 2
v 5 2
v 6 2
v 7 2
v 8 2
v 9 3
v 10 3
v 11 3
v 12 3
v 13 3
v 14 3
v 15 3
v 16 3
v 17 3
v 18 3
v 19 4
v 20 4
v 21 4
v 22 4
v 23 4
v 24 4
v 25 4
v 26 4
v 27 4
v 28 4
v 29 4
v 30 4
v 31 4
e 10 0 1
e 12 0 1
e 9 1 1
e 25 1 1
e 11 2 1
e 26 2 1
e 13 3 1
e 28 3 1
e 10 4 1
e 14 4 1
e 15 4 1
e 15 5 2
e 16 5 1
e 14 6 2
e 18 6 1
e 17 7 1
e 18 7 2
e 17 8 1
e 30 8 1
e 31 8 1
e 10 9 1
e 11 9 1
e 19 9 1
e 20 10 1
e 12 11 1
e 21 11 1
e 13 12 1
e 22 12 1
e 23 13 1
e 24 13 1
e 16 14 1
e 27 15 1
e 17 16 2
e 29 18 1
t # 190
v 0 2
v 1 2
v 2 2
v 3 2
v 4 2
v 5 3
v 6 3
v 7 3
v 8 3
v 9 3
v 10 4
v 11 4
v 12 4
v 13 4
v 14 4
e 5 0 1
e 8 0 1
e 10 0 1
e 6 1 1
e 8 1 2
e 6 2 2
e 9 2 1
e 7 3 1
e 9 3 2
e 7 4 1
e 13 4 1
e 14 4 1
e 6 5 1
e 7 5 2
e 11 8 1
e 12 9 1
t # 174
v 0 1
v 1 1
v 2 3
v 3 3
v 4 4
v 5 4
v 6 4
v 7 4
v 8 4
v 9 4
e 2 0 1
e 8 0 1
e 3 1 1
e 9 1 1
e 3 2 1
e 4 2 1
e 5 2 1
e 6 3 1
e 7 3 1
t # 142
v 0 1
v 1 1
v 2 1
v 3 2
v 4 2
v 5 2
v 6 2
v 7 2
v 8 3
v 9 3
v 10 3
v 11 3
v 12 3
v 13 3
v 14 3
v 15 3
v 16 3
v 17 3
v 18 4
v 19 4
v 20 4
v 21 4
v 22 4
v 23 4
v 24 4
v 25 4
v 26 4
v 27 4
v 28 4
v 29 4
v 30 4
e 9 0 1
e 11 0 1
e 8 1 1
e 25 1 1
e 10 2 1
e 27 2 1
e 9 3 1
e 13 3 1
e 14 3 1
e 14 4 2
e 15 4 1
e 13 5 2
e 17 5 1
e 16 6 1
e 17 6 2
e 16 7 1
e 29 7 1
e 30 7 1
e 9 8 1
e 10 8 1
e 18 8 1
e 19 9 1
e 11 10 1
e 20 10 1
e 12 11 1
e 21 11 1
e 22 12 1
e 23 12 1
e 24 12 1
e 15 13 1
e 26 14 1
e 16 15 2
e 28 17 1
t # 135
v 0 1
v 1 1
v 2 1
v 3 3
v 4 3
v 5 3
v 6 3
v 7 3
v 8 3
v 9 3
v 10 4
v 11 4
v 12 4
v 13 4
v 14 4
e 6 0 1
e 14 0 1
e 9 1 1
e 9 2 2
e 4 3 2
e 5 3 1
e 9 3 1
e 7 4 1
e 10 4 1
e 8 5 2
e 11 5 1
e 7 6 2
e 8 6 1
e 12 7 1
e 13 8 1
t # 127
v 0 1
v 1 1
v 2 1
v 3 3
v 4 3
v 5 3
v 6 3
v 7 3
v 8 3
v 9 3
v 10 3
v 11 4
v 12 4
v 13 4
v 14 4
v 15 4
v 16 4
v 17 4
e 9 0 1
e 17 0 1
e 10 1 1
e 10 2 2
e 4 3 1
e 5 3 2
e 6 3 1
e 10 4 1
e 11 4 1
e 12 4 1
e 7 5 1
e 13 5 1
e 8 6 2
e 14 6 1
e 9 7 2
e 15 7 1
e 9 8 1
e 16 8 1
t # 119
v 0 1
v 1 1
v 2 2
v 3 3
v 4 3
v 5 3
v 6 3
v 7 4
v 8 4
v 9 4
v 10 4
v 11 4
v 12 4
v 13 4
v 14 4
e 6 0 1
e 6 1 2
e 5 2 1
e 13 2 1
e 14 2 1
e 4 3 1
e 5 3 1
e 7 3 1
e 8 3 1
e 6 4 1
e 9 4 1
e 10 4 1
e 11 5 1
e 12 5 1
t # 108
v 0 1
v 1 1
v 2 2
v 3 3
v 4 3
v 5 3
v 6 3
v 7 3
v 8 3
v 9 3
v 10 4
v 11 4
v 12 4
v 13 4
v 14 4
v 15 4
e 8 0 1
e 8 1 2
e 6 2 1
e 9 2 2
e 4 3 1
e 5 3 1
e 6 3 2
e 8 4 1
e 10 4 1
e 11 4 1
e 7 5 2
e 12 5 1
e 13 6 1
e 9 7 1
e 14 7 1
e 15 9 1
t # 107
v 0 1
v 1 1
v 2 3
v 3 3
v 4 3
v 5 3
v 6 3
v 7 3
v 8 3
v 9 3
v 10 3
v 11 4
v 12 4
v 13 4
v 14 4
v 15 4
v 16 4
v 17 4
v 18 4
v 19 4
e 9 0 1
e 9 1 2
e 3 2 1
e 4 2 1
e 11 2 1
e 12 2 1
e 5 3 2
e 6 3 1
e 9 4 1
e 13 4 1
e 14 4 1
e 7 5 1
e 15 5 1
e 8 6 2
e 16 6 1
e 10 7 2
e 17 7 1
e 10 8 1
e 18 8 1
e 19 10 1
t # 101
v 0 1
v 1 1
v 2 3
v 3 3
v 4 3
v 5 3
v 6 3
v 7 3
v 8 3
v 9 4
v 10 4
v 11 4
v 12 4
v 13 4
v 14 4
e 4 0 1
e 14 0 1
e 8 1 2
e 3 2 2
e 5 2 1
e 8 2 1
e 4 3 1
e 9 3 1
e 6 4 2
e 7 5 2
e 10 5 1
e 7 6 1
e 11 6 1
e 12 7 1
e 13 8 1
t # 86
v 0 1
v 1 1
v 2 1
v 3 2
v 4 3
v 5 3
v 6 3
v 7 3
v 8 3
v 9 3
v 10 3
v 11 4
v 12 4
v 13 4
v 14 4
v 15 4
v 16 4
e 6 0 1
e 16 0 1
e 10 1 1
e 10 2 2
e 4 3 1
e 14 3 1
e 15 3 1
e 5 4 2
e 6 4 1
e 7 5 1
e 10 5 1
e 8 6 2
e 9 7 2
e 11 7 1
e 9 8 1
e 12 8 1
e 13 9 1
t # 79
v 0 2
v 1 2
v 2 3
v 3 3
v 4 3
v 5 3
v 6 3
v 7 3
v 8 4
v 9 4
v 10 4
v 11 4
e 5 0 1
e 6 0 2
e 7 1 3
e 3 2 1
e 5 2 2
e 7 2 1
e 4 3 2
e 8 3 1
e 6 4 1
e 9 4 1
e 10 5 1
e 11 6 1
t # 78
v 0 5
v 1 1
v 2 1
v 3 2
v 4 3
v 5 3
v 6 3
v 7 4
v 8 4
v 9 4
v 10 4
v 11 4
e 5 0 1
e 6 1 1
e 6 2 2
e 4 3 1
e 10 3 1
e 11 3 1
e 5 4 1
e 6 4 1
e 7 4 1
e 8 5 1
e 9 5 1
t # 72
v 0 1
v 1 1
v 2 1
v 3 1
v 4 3
v 5 3
v 6 3
v 7 3
v 8 3
v 9 3
v 10 3
v 11 4
v 12 4
v 13 4
v 14 4
v 15 4
e 6 0 1
e 14 0 1
e 8 1 1
e 15 1 1
e 10 2 1
e 10 3 2
e 5 4 2
e 7 4 1
e 10 4 1
e 6 5 1
e 11 5 1
e 8 6 2
e 9 7 2
e 12 7 1
e 9 8 1
e 13 9 1
t # 66
v 0 5
v 1 5
v 2 1
v 3 3
v 4 3
v 5 3
v 6 3
v 7 3
v 8 3
v 9 4
v 10 4
v 11 4
v 12 4
e 4 0 1
e 6 1 1
e 3 2 1
e 12 2 1
e 4 3 2
e 5 3 1
e 7 4 1
e 6 5 2
e 9 5 1
e 8 6 1
e 8 7 2
e 10 7 1
e 11 8 1
t # 4
v 0 1
v 1 2
v 2 3
v 3 3
v 4 3
v 5 4
v 6 4
v 7 4
v 8 4
v 9 4
v 10 4
v 11 4
v 12 4
v 13 4
e 2 0 1
e 13 0 1
e 3 1 1
e 11 1 1
e 12 1 1
e 3 2 1
e 4 2 1
e 5 2 1
e 6 3 1
e 7 3 1
e 8 4 1
e 9 4 1
e 10 4 1
t # 6
v 0 5
v 1 1
v 2 1
v 3 1
v 4 1
v 5 2
v 6 2
v 7 3
v 8 3
v 9 3
v 10 3
v 11 3
v 12 3
v 13 4
v 14 4
v 15 4
e 10 0 1
e 5 1 1
e 5 2 2
e 6 3 1
e 6 4 2
e 7 5 1
e 8 6 1
e 9 7 1
e 10 7 2
e 9 8 2
e 11 8 1
e 13 9 1
e 12 10 1
e 12 11 2
e 14 11 1
e 15 12 1
t # 13
v 0 5
v 1 5
v 2 5
v 3 3
v 4 3
v 5 3
v 6 3
v 7 3
v 8 3
v 9 4
v 10 4
v 11 4
e 3 0 1
e 4 1 1
e 6 2 1
e 4 3 2
e 5 3 1
e 7 4 1
e 6 5 2
e 9 5 1
e 8 6 1
e 8 7 2
e 10 7 1
e 11 8 1
t # 51
v 0 1
v 1 1
v 2 1
v 3 1
v 4 1
v 5 3
v 6 3
v 7 3
v 8 3
v 9 3
v 10 4
v 11 4
v 12 4
v 13 4
e 8 0 1
e 7 1 2
e 8 2 2
e 9 3 1
e 9 4 2
e 6 5 1
e 7 5 1
e 10 5 1
e 11 5 1
e 8 6 1
e 12 6 1
e 13 6 1
e 9 7 1
t # 40
v 0 1
v 1 1
v 2 1
v 3 1
v 4 1
v 5 3
v 6 3
v 7 3
v 8 3
v 9 3
v 10 3
v 11 4
v 12 4
v 13 4
v 14 4
v 15 4
v 16 4
v 17 4
v 18 4
v 19 4
v 20 4
v 21 4
v 22 4
e 7 0 1
e 9 0 1
e 5 1 1
e 19 1 1
e 6 2 1
e 20 2 1
e 9 3 1
e 21 3 1
e 10 4 1
e 22 4 1
e 6 5 1
e 7 5 1
e 11 5 1
e 8 6 1
e 12 6 1
e 10 7 1
e 13 7 1
e 9 8 1
e 14 8 1
e 15 8 1
e 16 9 1
e 17 10 1
e 18 10 1
64110
