0.351267 0.650317 0.143663 0.656892 0.648889
0.147495 0.335588 0.348042 0.350435 0.853935
0.34981 0.654006 0.145602 0.650186 0.642684
0.354441 0.652902 0.156936 0.646837 0.642422
0.33874 0.656623 0.144843 0.652906 0.653074
0.34642 0.648932 0.165353 0.656992 0.655977
0.649989 0.859159 0.334509 0.356589 0.158386
0.646712 0.846386 0.350419 0.343203 0.153366
0.152307 0.351215 0.350133 0.341368 0.838519
0.356211 0.652631 0.149048 0.640645 0.655034
0.351347 0.639536 0.156529 0.65066 0.644853
0.15971 0.350958 0.35583 0.352848 0.853089
0.357994 0.651835 0.14886 0.646405 0.647281
0.344453 0.651374 0.143183 0.649942 0.648776
0.65757 0.855182 0.34702 0.349085 0.14559
0.154116 0.350299 0.345554 0.357727 0.847913
0.343784 0.641426 0.153347 0.657198 0.642761
0.660305 0.853408 0.344297 0.348599 0.14656
0.657357 0.849112 0.345113 0.349329 0.147582
0.153089 0.340064 0.346119 0.343167 0.84651
0.338978 0.654429 0.139252 0.643434 0.650362
0.343926 0.64332 0.156746 0.644983 0.662607
0.643677 0.851205 0.361261 0.352917 0.143231
0.648668 0.842297 0.36345 0.35339 0.141336
0.157377 0.335669 0.358077 0.347488 0.847471
0.139079 0.348016 0.361747 0.341604 0.846807
0.14726 0.352743 0.347119 0.34421 0.852537
0.349784 0.649483 0.147408 0.655582 0.644348
0.353952 0.659485 0.156953 0.652961 0.648953
0.643604 0.853469 0.343867 0.343326 0.14377
0.341316 0.653077 0.148757 0.652995 0.649024
0.152157 0.348569 0.3324 0.351344 0.84943
0.352297 0.645412 0.142406 0.648744 0.647413
0.158338 0.360927 0.353913 0.346408 0.850338
0.642602 0.864311 0.356405 0.362774 0.143054
0.349952 0.640174 0.145573 0.650852 0.640651
0.355355 0.660308 0.152475 0.643894 0.638872
0.15357 0.348345 0.348288 0.338658 0.848373
0.149668 0.337029 0.356912 0.352019 0.850432
0.354893 0.651116 0.146182 0.658211 0.64549
0.341253 0.638595 0.164805 0.643386 0.646463
0.649471 0.847856 0.339924 0.3602 0.15501
0.346797 0.649695 0.153705 0.658584 0.647665
0.353585 0.653372 0.154946 0.654179 0.664903
0.656476 0.843106 0.34565 0.356722 0.15205
0.14787 0.343136 0.363471 0.356583 0.844948
0.35512 0.650421 0.158766 0.644884 0.63799
0.660022 0.842672 0.35091 0.35815 0.15615
0.147518 0.345621 0.347505 0.338096 0.849574
0.165978 0.354876 0.351969 0.364984 0.840574
0.15161 0.348518 0.356876 0.35145 0.850827
0.352691 0.65078 0.154058 0.647915 0.642654
0.156715 0.333829 0.356938 0.344033 0.842403
0.340891 0.640654 0.147281 0.655464 0.654627
0.346475 0.662181 0.157218 0.654336 0.649486
0.656481 0.848972 0.347997 0.354492 0.145899
0.151673 0.344886 0.345051 0.361626 0.845459
0.648966 0.851015 0.348518 0.334802 0.156296
0.155451 0.36191 0.338627 0.36414 0.849866
0.1524 0.346305 0.348814 0.356198 0.842632
0.149555 0.339479 0.349158 0.349366 0.853276
0.149834 0.345966 0.357345 0.347575 0.845591
0.355703 0.638403 0.146957 0.650943 0.649384
0.341636 0.647563 0.151215 0.636176 0.658891
0.146937 0.35181 0.347981 0.342379 0.843096
0.157195 0.345888 0.354165 0.350554 0.851602
0.648196 0.851048 0.36655 0.341027 0.154004
0.657683 0.845521 0.345183 0.346252 0.152004
0.64418 0.862574 0.343221 0.350069 0.144303
0.648795 0.846249 0.340491 0.354223 0.148023
0.356198 0.642235 0.149373 0.643872 0.651432
0.641496 0.847978 0.33676 0.337198 0.150977
0.159963 0.34351 0.354988 0.351051 0.846951
0.157708 0.333052 0.3495 0.346556 0.859613
0.651236 0.857952 0.358096 0.350069 0.160625
0.353153 0.650773 0.149098 0.64959 0.653977
0.65731 0.847394 0.342781 0.354627 0.14852
0.651793 0.850118 0.344594 0.336914 0.143691
0.348285 0.654652 0.150435 0.641745 0.650691
0.158523 0.351067 0.346522 0.350106 0.843661
0.35589 0.642313 0.138843 0.644696 0.653891
0.143082 0.353181 0.340748 0.353445 0.839576
0.652997 0.850474 0.346443 0.347599 0.162219
0.659168 0.860043 0.357017 0.346469 0.148757
0.147684 0.340797 0.347521 0.346342 0.842759
0.662887 0.854299 0.350743 0.349175 0.148582
0.658135 0.847838 0.351019 0.354521 0.1591
0.341761 0.646882 0.155633 0.657642 0.63895
0.647608 0.853584 0.350725 0.354771 0.161703
0.652089 0.86042 0.346459 0.337604 0.13759
0.1407 0.346235 0.354839 0.351607 0.852102
0.156252 0.361341 0.344664 0.344151 0.852755
0.34924 0.65311 0.146924 0.653738 0.658268
0.357097 0.644321 0.146051 0.653568 0.659118
0.140697 0.363607 0.359947 0.344239 0.85343
0.158488 0.345747 0.35311 0.359474 0.852721
0.656344 0.847109 0.357644 0.340739 0.147996
0.157425 0.358356 0.355938 0.336074 0.842782
0.141512 0.34595 0.349047 0.354783 0.860294
0.645569 0.853655 0.357405 0.347717 0.149615
0.35086 0.654905 0.151594 0.651597 0.649056
0.133093 0.348924 0.355497 0.355389 0.840908
0.654699 0.860104 0.345815 0.364426 0.155041
0.141766 0.347823 0.351731 0.353956 0.836632
0.150793 0.340208 0.336592 0.353653 0.857908
0.150857 0.339588 0.344876 0.353492 0.852398
0.352074 0.645091 0.15044 0.646721 0.645212
0.35933 0.63929 0.145458 0.639884 0.664675
0.647502 0.843315 0.355002 0.342734 0.162597
0.340569 0.647998 0.149021 0.645069 0.648249
0.650148 0.852221 0.352401 0.345523 0.162097
0.145316 0.332379 0.359139 0.36271 0.859472
0.149409 0.353434 0.344256 0.346352 0.841921
0.653405 0.853178 0.352499 0.350058 0.151083
0.151669 0.352206 0.364419 0.355181 0.855748
0.353915 0.654411 0.144156 0.641389 0.649376
0.637919 0.854935 0.344621 0.354017 0.14172
0.34789 0.65432 0.156466 0.636094 0.662393
0.356115 0.657167 0.159376 0.65248 0.654319
0.337905 0.631497 0.149546 0.657912 0.650719
0.350305 0.646855 0.141157 0.647724 0.656199
0.347957 0.650701 0.152773 0.65423 0.650151
0.650743 0.84188 0.357797 0.354126 0.156224
0.350746 0.650806 0.138938 0.649818 0.639597
0.344095 0.655799 0.159841 0.648761 0.645117
0.14272 0.347445 0.352107 0.349496 0.847479
0.150848 0.352628 0.359859 0.363013 0.849744
0.644335 0.852412 0.34529 0.344457 0.148676
0.141935 0.344433 0.351312 0.354185 0.839307
0.65552 0.851704 0.346285 0.350093 0.152521
0.159876 0.342965 0.348891 0.351615 0.847354
0.349989 0.649275 0.157767 0.65523 0.655467
0.146348 0.361331 0.349809 0.351999 0.863813
0.6449 0.843666 0.346185 0.342798 0.151252
0.661873 0.853172 0.344366 0.351254 0.138375
0.344583 0.656248 0.157521 0.649209 0.659715
0.642284 0.850691 0.352982 0.355507 0.141709
0.350864 0.652047 0.153716 0.642633 0.660397
0.154672 0.356694 0.357361 0.357564 0.850751
0.651603 0.860717 0.354627 0.343914 0.149468
0.357127 0.640006 0.142846 0.645333 0.644248
0.350027 0.650231 0.145761 0.656776 0.651032
0.157067 0.352513 0.347257 0.357066 0.841197
0.645525 0.843767 0.342252 0.349511 0.139178
0.646227 0.858348 0.350307 0.360828 0.150131
0.657715 0.8414 0.35819 0.345182 0.151081
0.354231 0.65669 0.154247 0.643931 0.647843
0.648612 0.841834 0.355185 0.351986 0.146651
0.653662 0.847832 0.351304 0.349232 0.161684
0.649603 0.843553 0.343889 0.349701 0.147642
0.642742 0.859117 0.352887 0.348187 0.15656
0.644221 0.841062 0.347586 0.338904 0.160758
0.651846 0.839947 0.335893 0.345632 0.156344
0.147615 0.354526 0.351704 0.354222 0.846019
0.154502 0.357424 0.347034 0.346372 0.84544
0.648596 0.846774 0.351362 0.34664 0.155558
0.342517 0.658821 0.15331 0.651002 0.643192
0.647422 0.846563 0.357367 0.342173 0.157402
0.145198 0.352121 0.357167 0.343266 0.846874
0.638241 0.851959 0.339598 0.336012 0.149427
0.149768 0.350339 0.346782 0.349277 0.845948
0.145597 0.352611 0.353027 0.34334 0.838227
0.154365 0.351832 0.346376 0.35048 0.837715
0.344906 0.654578 0.139544 0.648823 0.649027
0.348624 0.651014 0.150681 0.659129 0.659045
0.153925 0.350892 0.34508 0.344636 0.855553
0.152262 0.355496 0.361945 0.354396 0.838661
0.149295 0.353243 0.35151 0.365185 0.853543
0.648223 0.848724 0.352017 0.357295 0.149283
0.147343 0.356574 0.361274 0.353306 0.866236
0.352634 0.647934 0.144557 0.644332 0.643991
0.137937 0.343416 0.3404 0.353929 0.856423
0.140312 0.351304 0.352557 0.355546 0.845015
0.644793 0.845952 0.347058 0.357592 0.142203
0.653036 0.853046 0.353948 0.353751 0.138282
0.65036 0.85944 0.35005 0.351502 0.151424
0.354812 0.657542 0.155367 0.64202 0.635962
0.15317 0.354195 0.347081 0.355338 0.842063
0.658369 0.849577 0.353917 0.355402 0.142116
0.348618 0.641394 0.146385 0.657281 0.642366
0.353325 0.652756 0.154493 0.648266 0.648818
0.649843 0.843729 0.345357 0.34596 0.163352
0.65065 0.859017 0.346003 0.347248 0.143021
0.158372 0.353464 0.340586 0.351853 0.847101
0.64983 0.849751 0.349606 0.357356 0.151314
0.657698 0.853435 0.361098 0.341326 0.157373
0.647902 0.853375 0.341705 0.3479 0.159575
0.349183 0.651264 0.147919 0.644597 0.654851
0.150919 0.354329 0.358436 0.344083 0.844936
0.352093 0.64754 0.145967 0.643217 0.663851
0.152647 0.349136 0.358149 0.35407 0.858457
0.643806 0.853702 0.348564 0.350524 0.1499
0.35085 0.663501 0.144031 0.660666 0.650603
0.6443 0.841229 0.340584 0.360566 0.153478
0.344827 0.657412 0.151328 0.644588 0.651298
0.148098 0.340604 0.342068 0.343702 0.842964
0.640633 0.851879 0.346175 0.358796 0.146376
0.335752 0.651249 0.141363 0.642921 0.651607
0.156203 0.340938 0.360515 0.341333 0.843334
0.643329 0.853018 0.348816 0.355254 0.165032
0.134826 0.345856 0.354376 0.35133 0.870028
0.643006 0.85328 0.35914 0.367356 0.149282
0.155421 0.342894 0.353577 0.356397 0.860089
0.358682 0.646684 0.152826 0.658616 0.663467
0.141788 0.34189 0.34453 0.345263 0.847364
0.150378 0.344844 0.3602 0.33628 0.840178
0.152973 0.345145 0.351915 0.353745 0.849359
0.355329 0.648795 0.158011 0.642537 0.650943
0.657431 0.855721 0.356958 0.350313 0.14599
0.140138 0.351114 0.344243 0.342804 0.85858
0.363329 0.651905 0.147495 0.641576 0.643658
0.35055 0.660513 0.148995 0.638242 0.650398
0.356687 0.650219 0.153789 0.643909 0.656185
0.149745 0.348019 0.354815 0.351644 0.844932
0.355371 0.636579 0.144368 0.647701 0.652344
0.640445 0.858049 0.353781 0.348937 0.148701
0.146907 0.353678 0.344287 0.351403 0.839587
0.143929 0.350551 0.342139 0.354328 0.84947
0.144094 0.351763 0.343437 0.353845 0.853297
0.163007 0.35133 0.352551 0.357172 0.861624
0.64856 0.850385 0.341022 0.339809 0.140696
0.145848 0.351042 0.358421 0.344812 0.856496
0.647752 0.846733 0.358611 0.347787 0.152768
0.648122 0.859457 0.353014 0.356473 0.148764
0.662362 0.844299 0.348736 0.351662 0.151147
0.644377 0.851989 0.360984 0.341738 0.143847
0.150499 0.343535 0.344423 0.350748 0.858445
0.355596 0.668448 0.157641 0.651075 0.658198
0.357506 0.647964 0.154621 0.646213 0.653605
0.347851 0.64067 0.134604 0.652323 0.664429
0.654939 0.850161 0.348238 0.350492 0.142469
0.348235 0.662436 0.152927 0.652483 0.649222
0.148363 0.35338 0.341923 0.351787 0.858655
0.165937 0.361247 0.342955 0.351569 0.844674
0.356442 0.651067 0.147622 0.652336 0.652918
0.65774 0.84885 0.348341 0.350238 0.136876
0.350006 0.648174 0.148262 0.658095 0.64484
0.35606 0.653843 0.148332 0.643117 0.651711
0.356929 0.646566 0.148966 0.658372 0.661044
0.345162 0.642588 0.148942 0.645828 0.650686
0.155128 0.349329 0.343583 0.351888 0.847336
0.648394 0.84947 0.352486 0.35562 0.147211
0.644597 0.850724 0.345317 0.341861 0.145413
0.647225 0.84963 0.347645 0.358384 0.142373
0.347148 0.651836 0.161308 0.652075 0.641671
0.362053 0.641621 0.143808 0.638407 0.642343
0.360495 0.646258 0.146992 0.638992 0.651944
0.650506 0.856645 0.35502 0.342538 0.151689
0.143239 0.348685 0.357847 0.356632 0.847821
0.151288 0.360509 0.346111 0.347998 0.844403
0.661729 0.855514 0.363506 0.344183 0.142588
0.656032 0.858722 0.339589 0.353072 0.14125
0.64862 0.843497 0.354168 0.349733 0.151769
0.654419 0.849039 0.351437 0.348529 0.154544
0.348072 0.648146 0.134395 0.646116 0.651459
0.344954 0.647374 0.157785 0.644971 0.643986
0.654523 0.85067 0.349915 0.349285 0.144165
0.147868 0.354886 0.349048 0.354219 0.846119
0.150082 0.361143 0.34912 0.337277 0.854633
0.644643 0.851517 0.349447 0.351108 0.147814
0.147701 0.350704 0.350684 0.348439 0.867177
0.153165 0.356173 0.355052 0.362178 0.851423
0.346886 0.65395 0.152 0.648597 0.656239
0.640472 0.854585 0.361496 0.34145 0.15267
0.351705 0.66126 0.139801 0.65204 0.645863
0.646168 0.857808 0.347789 0.356575 0.149322
0.147815 0.359172 0.34172 0.340651 0.855908
0.346321 0.646072 0.153941 0.644718 0.658203
0.350664 0.651421 0.160382 0.648107 0.651888
0.350615 0.646364 0.152096 0.660547 0.649478
0.3572 0.660855 0.156408 0.652121 0.653449
0.354449 0.661014 0.143363 0.648252 0.657511
0.153859 0.360498 0.3522 0.349772 0.856136
0.135247 0.352607 0.345575 0.353088 0.855965
0.654255 0.851462 0.352451 0.347029 0.14265
0.150364 0.349133 0.355035 0.354401 0.861096
0.654199 0.846802 0.356647 0.348232 0.148391
0.154157 0.354679 0.352278 0.346063 0.852168
0.154615 0.347664 0.353727 0.360164 0.852484
0.647966 0.840064 0.354226 0.351733 0.143201
0.147093 0.340877 0.34752 0.353201 0.861251
0.350155 0.642685 0.139421 0.659489 0.66203
0.349992 0.658866 0.13754 0.648271 0.649097
0.154201 0.35057 0.351892 0.35404 0.851333
0.658373 0.852723 0.363916 0.343002 0.15595
0.158338 0.354691 0.342853 0.346293 0.852971
0.15401 0.35196 0.349889 0.352027 0.86149
0.356189 0.651845 0.143871 0.643465 0.641125
0.353859 0.646208 0.150714 0.648261 0.659027
0.347188 0.651294 0.142001 0.656462 0.651948
0.649263 0.851498 0.34256 0.352795 0.154297
0.649752 0.8376 0.346741 0.354954 0.151119
0.659948 0.853441 0.349597 0.355473 0.15901
0.160825 0.339583 0.358618 0.352827 0.857032
0.34327 0.656619 0.148992 0.645596 0.652136
0.350155 0.646652 0.154876 0.649493 0.656104
0.34807 0.652556 0.145454 0.656223 0.64896
0.649636 0.847134 0.34054 0.343302 0.141071
0.356291 0.648975 0.151888 0.647131 0.649986
0.153467 0.353098 0.366795 0.353464 0.852436
0.64792 0.858084 0.336301 0.349012 0.15215
0.645919 0.845671 0.343241 0.342498 0.146406
0.644643 0.84954 0.35102 0.356368 0.152944
0.649109 0.847271 0.351677 0.354194 0.146071
0.350776 0.6548 0.151193 0.652191 0.657985
0.349461 0.64519 0.150533 0.655897 0.655773
0.152056 0.346525 0.355187 0.358572 0.848187
0.638685 0.856625 0.343855 0.357734 0.146253
0.15574 0.346672 0.339998 0.343427 0.850295
